4  
255 0 0
380 
   0.048989  -0.796459  1.997351  
   0.000099  -0.796459  2.046241  
   -0.048791  -0.796459  1.997351  
   0.000099  -0.796459  1.948461  
   0.048989  -1.011398  1.997351  
   0.000099  -0.957755  2.046241  
   -0.048791  -1.011398  1.997351  
   0.000099  -1.011398  1.948461  
   -0.048424  -1.057940  2.045785  
   -0.000078  -1.097104  2.031530  
   0.049935  -1.057157  2.046070  
   0.049101  -1.014076  2.061750  
   0.000099  -0.957755  2.046241  
   -0.049258  -1.013293  2.062035  
   -0.092925  -1.100317  2.186944  
   -0.000458  -1.159093  2.171195  
   0.095196  -1.099141  2.187259  
   0.093602  -1.034488  2.204583  
   -0.002053  -0.960431  2.224427  
   -0.094519  -1.033313  2.204898  
   -0.000078  0.617291  1.749900  
   -0.000078  -0.212705  0.117763  
   -0.000078  -0.727686  0.819526  
   -0.000078  -0.870331  2.014843  
   -0.000078  -0.663624  2.654011  
   -0.000078  -0.100184  2.839290  
   -0.000078  0.447258  2.427279  
   -0.000078  1.311823  -2.830536  
   -0.000078  0.130311  -2.467194  
   -0.000078  -0.442105  -2.690243  
   -0.000078  0.322066  -2.176465  
   -0.000078  1.360210  -2.609401  
   -0.000078  -0.455414  -2.504962  
   -0.000078  0.103473  -2.168832  
   -0.000078  0.105599  -0.541132  
   -0.000078  0.335472  0.277330  
   -0.000078  0.637036  0.204363  
   -0.000078  0.783090  1.735782  
   -0.000078  0.896430  1.461396  
   -0.000078  0.338350  0.286474  
   -0.000078  0.460769  0.915660  
   0.504946  0.406000  1.759604  
   0.260507  0.222615  1.050530  
   0.254103  -0.056958  0.640627  
   0.457808  -0.558119  1.058655  
   0.529031  -0.642614  1.708105  
   0.384518  -0.524692  2.491014  
   0.370355  -0.038434  2.670352  
   0.335449  0.393651  2.411032  
   0.653984  -0.146832  1.690791  
   0.089352  0.285814  -2.201835  
   0.089352  1.318575  -2.637172  
   0.089352  -0.428623  -2.526302  
   0.089352  0.147103  -2.196992  
   0.169927  0.105599  -0.541132  
   0.252011  0.531408  1.753828  
   0.225398  0.783090  1.735782  
   0.280945  0.896430  1.461396  
   0.652376  -1.232665  3.113235  
   0.652376  -1.371017  2.847049  
   0.652377  -1.398679  0.576636  
   0.652376  -1.120030  3.109301  
   0.652376  -1.258381  2.843115  
   0.652377  -1.286043  0.572703  
   0.601828  -1.179629  3.111382  
   0.601828  -1.317980  2.845197  
   0.601828  -1.345642  0.574784  
   0.699796  -1.179629  3.111382  
   0.699796  -1.317980  2.845197  
   0.699796  -1.345642  0.574784  
   0.491003  -0.760935  0.964053  
   0.639992  -1.284920  0.847138  
   0.639992  -1.281062  0.957632  
   0.487617  -0.744846  1.086413  
   0.509290  -0.771964  2.009271  
   0.643890  -1.255735  2.063041  
   0.643890  -1.251877  2.173536  
   0.496158  -0.720783  2.118113  
   -0.505103  0.406000  1.759604  
   -0.260664  0.222615  1.050530  
   -0.254260  -0.056958  0.640627  
   -0.457965  -0.558119  1.058655  
   -0.529188  -0.642614  1.708105  
   -0.384675  -0.524692  2.491014  
   -0.370512  -0.038434  2.670352  
   -0.335606  0.393651  2.411032  
   -0.654141  -0.146832  1.690791  
   -0.089509  0.285814  -2.201835  
   -0.089509  1.318575  -2.637172  
   -0.089509  -0.428623  -2.526302  
   -0.089509  0.147103  -2.196992  
   -0.170084  0.105599  -0.541132  
   -0.252168  0.531407  1.753828  
   -0.225555  0.783090  1.735782  
   -0.281102  0.896430  1.461396  
   -0.652533  -1.232665  3.113235  
   -0.652533  -1.371017  2.847049  
   -0.652534  -1.398679  0.576636  
   -0.652533  -1.120030  3.109301  
   -0.652533  -1.258381  2.843115  
   -0.652534  -1.286043  0.572703  
   -0.601985  -1.179629  3.111382  
   -0.601985  -1.317980  2.845197  
   -0.601985  -1.345642  0.574784  
   -0.699953  -1.179629  3.111382  
   -0.699953  -1.317980  2.845197  
   -0.699953  -1.345643  0.574784  
   -0.491160  -0.760935  0.964053  
   -0.640148  -1.284920  0.847138  
   -0.640148  -1.281062  0.957632  
   -0.487773  -0.744846  1.086413  
   -0.509446  -0.771964  2.009271  
   -0.644047  -1.255735  2.063041  
   -0.644047  -1.251877  2.173536  
   -0.496315  -0.720783  2.118113  
   0.000099  -0.796459  1.948461  
   0.000099  -0.796459  1.948461  
   0.000099  -1.011398  1.948461  
   -0.094519  -1.033313  2.204898  
   0.093602  -1.034488  2.204583  
   0.095196  -1.099141  2.187259  
   0.048989  -1.011398  1.997351  
   -0.048791  -1.011398  1.997351  
   0.000099  -0.957755  2.046241  
   0.093602  -1.034488  2.204583  
   0.000099  -0.957755  2.046241  
   0.049101  -1.014076  2.061750  
   0.093602  -1.034488  2.204583  
   -0.002053  -0.960431  2.224427  
   0.000099  -0.957755  2.046241  
   0.048989  -1.011398  1.997351  
   0.049101  -1.014076  2.061750  
   0.048989  -1.011398  1.997351  
   0.049935  -1.057157  2.046070  
   0.095196  -1.099141  2.187259  
   0.049101  -1.014076  2.061750  
   0.049935  -1.057157  2.046070  
   0.095196  -1.099141  2.187259  
   0.093602  -1.034488  2.204583  
   0.049101  -1.014076  2.061750  
   -0.000458  -1.159093  2.171195  
   0.049935  -1.057157  2.046070  
   -0.000078  -1.097104  2.031530  
   -0.000458  -1.159093  2.171195  
   0.095196  -1.099141  2.187259  
   0.049935  -1.057157  2.046070  
   -0.002053  -0.960431  2.224427  
   -0.049258  -1.013293  2.062035  
   0.000099  -0.957755  2.046241  
   -0.002053  -0.960431  2.224427  
   -0.094519  -1.033313  2.204898  
   -0.049258  -1.013293  2.062035  
   -0.094519  -1.033313  2.204898  
   -0.092925  -1.100317  2.186944  
   -0.049258  -1.013293  2.062035  
   -0.094519  -1.033313  2.204898  
   -0.048791  -1.011398  1.997351  
   -0.048424  -1.057940  2.045785  
   -0.048791  -1.011398  1.997351  
   -0.049258  -1.013293  2.062035  
   -0.048424  -1.057940  2.045785  
   0.000099  -1.011398  1.948461  
   -0.048424  -1.057940  2.045785  
   -0.000078  -1.097104  2.031530  
   -0.092925  -1.100317  2.186944  
   -0.000078  -1.097104  2.031530  
   -0.048424  -1.057940  2.045785  
   -0.092925  -1.100317  2.186944  
   -0.000458  -1.159093  2.171195  
   -0.000078  -1.097104  2.031530  
   0.335449  0.393651  2.411032  
   0.335449  0.393651  2.411032  
   -0.000078  0.447258  2.427279  
   0.252011  0.531408  1.753828  
   0.335449  0.393651  2.411032  
   0.384518  -0.524692  2.491014  
   0.384518  -0.524692  2.491014  
   0.370355  -0.038434  2.670352  
   0.370355  -0.038434  2.670352  
   0.335449  0.393651  2.411032  
   0.335449  0.393651  2.411032  
   0.260507  0.222615  1.050530  
   0.260507  0.222615  1.050530  
   0.254103  -0.056958  0.640627  
   0.260507  0.222615  1.050530  
   0.260507  0.222615  1.050530  
   0.254103  -0.056958  0.640627  
   -0.000078  -0.212705  0.117763  
   -0.000078  -0.212705  0.117763  
   -0.000078  0.335472  0.277330  
   0.260507  0.222615  1.050530  
   -0.000078  0.335472  0.277330  
   0.260507  0.222615  1.050530  
   0.260507  0.222615  1.050530  
   0.252011  0.531408  1.753828  
   -0.000078  0.617291  1.749900  
   0.225398  0.783090  1.735782  
   -0.000078  0.617291  1.749900  
   0.225398  0.783090  1.735782  
   -0.000078  0.783090  1.735782  
   0.280945  0.896430  1.461396  
   0.225398  0.783090  1.735782  
   -0.000078  0.783090  1.735782  
   0.280945  0.896430  1.461396  
   -0.000078  0.637036  0.204363  
   0.280945  0.896430  1.461396  
   0.699796  -1.179629  3.111382  
   0.652376  -1.120030  3.109301  
   0.699796  -1.179629  3.111382  
   0.699796  -1.179629  3.111382  
   0.699796  -1.179629  3.111382  
   0.699796  -1.317980  2.845197  
   0.652376  -1.371017  2.847049  
   0.652377  -1.398679  0.576636  
   0.652376  -1.371017  2.847049  
   0.601828  -1.345642  0.574784  
   0.652376  -1.371017  2.847049  
   0.601828  -1.345642  0.574784  
   0.652376  -1.258381  2.843115  
   0.652376  -1.120030  3.109301  
   0.652376  -1.258381  2.843115  
   0.652376  -1.371017  2.847049  
   0.601828  -1.179629  3.111382  
   0.652376  -1.371017  2.847049  
   0.601828  -1.179629  3.111382  
   0.652376  -1.371017  2.847049  
   0.699796  -1.317980  2.845197  
   0.639992  -1.284920  0.847138  
   0.652377  -1.286043  0.572703  
   0.639992  -1.281062  0.957632  
   0.639992  -1.284920  0.847138  
   0.699796  -1.317980  2.845197  
   0.699796  -1.317980  2.845197  
   0.643890  -1.251877  2.173536  
   0.643890  -1.255735  2.063041  
   0.699796  -1.317980  2.845197  
   0.652376  -1.258381  2.843115  
   0.643890  -1.251877  2.173536  
   0.491003  -0.760935  0.964053  
   0.487617  -0.744846  1.086413  
   0.487617  -0.744846  1.086413  
   0.509290  -0.771964  2.009271  
   0.496158  -0.720783  2.118113  
   0.496158  -0.720783  2.118113  
   0.384518  -0.524692  2.491014  
   0.509290  -0.771964  2.009271  
   0.487617  -0.744846  1.086413  
   0.496158  -0.720783  2.118113  
   0.496158  -0.720783  2.118113  
   0.509290  -0.771964  2.009271  
   0.509290  -0.771964  2.009271  
   -0.000078  -0.870331  2.014843  
   0.487617  -0.744846  1.086413  
   -0.000078  -0.870331  2.014843  
   0.509290  -0.771964  2.009271  
   0.487617  -0.744846  1.086413  
   0.491003  -0.760935  0.964053  
   0.601828  -1.345642  0.574784  
   0.652377  -1.286043  0.572703  
   0.639992  -1.284920  0.847138  
   0.601828  -1.345642  0.574784  
   0.639992  -1.284920  0.847138  
   0.639992  -1.281062  0.957632  
   0.601828  -1.345642  0.574784  
   0.601828  -1.345642  0.574784  
   0.643890  -1.255735  2.063041  
   0.643890  -1.251877  2.173536  
   0.601828  -1.317980  2.845197  
   0.643890  -1.251877  2.173536  
   0.652376  -1.258381  2.843115  
   0.601828  -1.317980  2.845197  
   -0.335606  0.393651  2.411032  
   -0.335606  0.393651  2.411032  
   -0.252168  0.531407  1.753828  
   -0.000078  0.447258  2.427279  
   -0.335606  0.393651  2.411032  
   -0.384675  -0.524692  2.491014  
   -0.370512  -0.038434  2.670352  
   -0.384675  -0.524692  2.491014  
   -0.335606  0.393651  2.411032  
   -0.370512  -0.038434  2.670352  
   -0.335606  0.393651  2.411032  
   -0.260664  0.222615  1.050530  
   -0.260664  0.222615  1.050530  
   -0.260664  0.222615  1.050530  
   -0.254260  -0.056958  0.640627  
   -0.260664  0.222615  1.050530  
   -0.000078  -0.212705  0.117763  
   -0.254260  -0.056958  0.640627  
   -0.000078  -0.212705  0.117763  
   -0.260664  0.222615  1.050530  
   -0.000078  0.335472  0.277330  
   -0.000078  0.335472  0.277330  
   -0.000078  0.637036  0.204363  
   -0.260664  0.222615  1.050530  
   -0.252168  0.531407  1.753828  
   -0.260664  0.222615  1.050530  
   -0.225555  0.783090  1.735782  
   -0.000078  0.617291  1.749900  
   -0.225555  0.783090  1.735782  
   -0.000078  0.617291  1.749900  
   -0.225555  0.783090  1.735782  
   -0.281102  0.896430  1.461396  
   -0.000078  0.783090  1.735782  
   -0.281102  0.896430  1.461396  
   -0.000078  0.783090  1.735782  
   -0.281102  0.896430  1.461396  
   -0.000078  0.637036  0.204363  
   -0.699953  -1.179629  3.111382  
   -0.652533  -1.120030  3.109301  
   -0.699953  -1.179629  3.111382  
   -0.699953  -1.179629  3.111382  
   -0.652533  -1.232665  3.113235  
   -0.699953  -1.317980  2.845197  
   -0.699953  -1.179629  3.111382  
   -0.652533  -1.371017  2.847049  
   -0.652534  -1.398679  0.576636  
   -0.652533  -1.371017  2.847049  
   -0.601985  -1.345642  0.574784  
   -0.652533  -1.371017  2.847049  
   -0.601985  -1.345642  0.574784  
   -0.652533  -1.258381  2.843115  
   -0.601985  -1.179629  3.111382  
   -0.652533  -1.120030  3.109301  
   -0.652533  -1.258381  2.843115  
   -0.601985  -1.179629  3.111382  
   -0.652533  -1.371017  2.847049  
   -0.652533  -1.232665  3.113235  
   -0.652533  -1.371017  2.847049  
   -0.699953  -1.317980  2.845197  
   -0.652533  -1.371017  2.847049  
   -0.652534  -1.286043  0.572703  
   -0.640148  -1.284920  0.847138  
   -0.699953  -1.345643  0.574784  
   -0.640148  -1.281062  0.957632  
   -0.699953  -1.345643  0.574784  
   -0.699953  -1.317980  2.845197  
   -0.644047  -1.255735  2.063041  
   -0.644047  -1.251877  2.173536  
   -0.699953  -1.317980  2.845197  
   -0.644047  -1.251877  2.173536  
   -0.652533  -1.258381  2.843115  
   -0.699953  -1.317980  2.845197  
   -0.487773  -0.744846  1.086413  
   -0.491160  -0.760935  0.964053  
   -0.487773  -0.744846  1.086413  
   -0.496315  -0.720783  2.118113  
   -0.509446  -0.771964  2.009271  
   -0.384675  -0.524692  2.491014  
   -0.496315  -0.720783  2.118113  
   -0.487773  -0.744846  1.086413  
   -0.509446  -0.771964  2.009271  
   -0.496315  -0.720783  2.118113  
   -0.509446  -0.771964  2.009271  
   -0.496315  -0.720783  2.118113  
   -0.509446  -0.771964  2.009271  
   -0.487773  -0.744846  1.086413  
   -0.000078  -0.870331  2.014843  
   -0.487773  -0.744846  1.086413  
   -0.509446  -0.771964  2.009271  
   -0.000078  -0.870331  2.014843  
   -0.491160  -0.760935  0.964053  
   -0.652534  -1.286043  0.572703  
   -0.601985  -1.345642  0.574784  
   -0.640148  -1.284920  0.847138  
   -0.601985  -1.345642  0.574784  
   -0.601985  -1.345642  0.574784  
   -0.601985  -1.345642  0.574784  
   -0.601985  -1.317980  2.845197  
   -0.644047  -1.251877  2.173536  
   -0.644047  -1.255735  2.063041  
   -0.601985  -1.317980  2.845197  
   -0.652533  -1.258381  2.843115  
   -0.644047  -1.251877  2.173536  
   -0.487773  -0.744846  1.086413  
   -0.000078  -0.727686  0.819526  
   -0.491160  -0.760935  0.964053  
   0.487617  -0.744846  1.086413  
   0.491003  -0.760935  0.964053  
   -0.000078  -0.727686  0.819526  
   214 
 0 5 1  
 0 4 5  
 1 6 2  
 1 5 6  
 2 7 3  
 2 6 7  
 115 4 0  
 116 117 4  
 17 19 18  
 17 14 118  
 16 14 119  
 15 14 120  
 11 12 121  
 13 122 123  
 124 125 126  
 127 128 129  
 10 130 7  
 10 131 132  
 9 133 7  
 134 135 136  
 137 138 139  
 140 141 142  
 143 144 145  
 146 147 148  
 149 150 151  
 8 152 153  
 8 154 155  
 156 157 7  
 158 159 160  
 161 162 163  
 164 165 166  
 167 168 169  
 55 42 41  
 22 43 21  
 22 44 43  
 25 46 24  
 25 47 46  
 26 47 25  
 26 48 47  
 170 55 41  
 20 171 172  
 20 173 174  
 49 41 42  
 49 42 43  
 49 43 44  
 49 44 45  
 49 45 175  
 49 176 177  
 49 178 179  
 49 180 41  
 29 52 28  
 52 53 28  
 27 28 51  
 51 28 50  
 28 53 50  
 50 53 181  
 53 54 182  
 54 183 184  
 35 50 185  
 35 30 50  
 186 54 187  
 188 54 34  
 54 53 33  
 54 33 34  
 53 32 33  
 53 52 32  
 30 51 50  
 30 31 51  
 51 31 27  
 52 29 32  
 57 189 190  
 36 191 57  
 192 56 57  
 193 194 56  
 195 196 55  
 197 37 198  
 199 200 201  
 202 38 203  
 38 204 205  
 61 68 67  
 61 62 68  
 64 206 58  
 64 207 208  
 209 59 58  
 210 211 59  
 212 69 60  
 69 66 213  
 69 63 66  
 214 215 65  
 216 60 217  
 64 218 219  
 64 65 220  
 221 222 58  
 223 65 224  
 225 226 69  
 71 73 70  
 71 72 73  
 75 77 74  
 75 76 77  
 69 227 228  
 69 229 230  
 69 75 72  
 69 231 75  
 232 233 234  
 235 236 237  
 238 239 44  
 240 45 44  
 241 242 45  
 243 244 45  
 245 45 246  
 24 46 247  
 24 248 249  
 24 250 23  
 251 252 22  
 253 254 255  
 256 44 22  
 257 258 259  
 260 261 262  
 263 72 75  
 264 75 65  
 265 266 267  
 268 269 270  
 78 79 92  
 80 22 21  
 80 81 22  
 83 25 24  
 83 84 25  
 84 26 25  
 84 85 26  
 78 92 271  
 20 272 273  
 20 274 275  
 79 78 86  
 80 79 86  
 81 80 86  
 82 81 86  
 276 82 86  
 277 278 86  
 279 280 86  
 78 281 86  
 28 89 29  
 28 90 89  
 88 28 27  
 87 28 88  
 87 90 28  
 282 90 87  
 283 91 90  
 284 285 91  
 35 87 30  
 35 286 87  
 287 91 288  
 34 91 289  
 33 90 91  
 34 33 91  
 33 32 90  
 32 89 90  
 87 88 30  
 88 31 30  
 27 31 88  
 32 29 89  
 290 291 94  
 94 292 293  
 294 93 295  
 296 94 93  
 92 297 298  
 299 37 300  
 301 302 303  
 304 38 305  
 306 307 38  
 98 105 99  
 98 104 105  
 101 308 309  
 101 95 310  
 96 311 312  
 96 313 314  
 97 106 315  
 106 103 100  
 106 316 103  
 317 318 97  
 319 102 320  
 321 322 323  
 324 102 325  
 101 326 327  
 101 102 328  
 106 329 330  
 108 110 109  
 108 107 110  
 112 114 113  
 112 111 114  
 331 332 333  
 108 334 335  
 109 112 106  
 112 336 106  
 337 338 339  
 340 341 342  
 81 343 344  
 81 82 345  
 82 346 347  
 82 348 349  
 350 82 351  
 352 83 24  
 353 354 24  
 23 355 24  
 22 356 357  
 358 359 360  
 22 81 361  
 108 362 363  
 109 364 365  
 112 109 366  
 102 112 367  
 368 369 370  
 371 372 373  
 374 375 376  
 377 378 379  
255 255 255
77 
   -0.084074  0.888131  4.912847  
   0.084074  0.909150  4.912847  
   -0.084074  0.909150  -1.813073  
   0.084074  0.888131  -1.813073  
   -0.084074  0.930168  4.912847  
   0.084074  0.930168  -1.813073  
   0.083742  0.930168  1.465555  
   0.083742  0.888131  1.465555  
   -0.083782  0.930168  1.465555  
   -0.083782  0.888131  1.465555  
   -0.083782  0.930168  1.634151  
   -0.083782  0.888131  1.634151  
   0.083742  0.930168  1.634151  
   0.083742  0.888131  1.634151  
   -3.362960  0.888131  1.465813  
   -3.362960  0.909150  1.633961  
   3.362960  0.909150  1.465813  
   3.362960  0.888131  1.633961  
   -3.362960  0.930168  1.465813  
   3.362960  0.930168  1.633961  
   0.000000  0.993555  1.549887  
   0.084074  0.930168  -1.813073  
   0.084074  0.888131  -1.813073  
   -0.084074  0.909150  -1.813073  
   0.084074  0.930168  -1.813073  
   0.083742  0.888131  1.465555  
   0.083742  0.930168  1.465555  
   0.084074  0.930168  -1.813073  
   0.084074  0.888131  -1.813073  
   -0.083782  0.888131  1.465555  
   0.083742  0.888131  1.465555  
   -0.084074  0.930168  4.912847  
   -0.084074  0.930168  4.912847  
   -0.083782  0.930168  1.465555  
   -0.083782  0.888131  1.465555  
   -0.084074  0.888131  4.912847  
   -0.084074  0.930168  4.912847  
   -0.084074  0.888131  4.912847  
   0.084074  0.909150  4.912847  
   -0.084074  0.930168  4.912847  
   -0.084074  0.888131  4.912847  
   0.084074  0.909150  4.912847  
   0.084074  0.909150  4.912847  
   0.083742  0.930168  1.465555  
   0.083742  0.888131  1.634151  
   3.362960  0.930168  1.633961  
   3.362960  0.888131  1.633961  
   3.362960  0.909150  1.465813  
   3.362960  0.930168  1.633961  
   3.362960  0.909150  1.465813  
   -0.083782  0.888131  1.465555  
   0.083742  0.930168  1.634151  
   0.083742  0.930168  1.634151  
   0.083742  0.930168  1.465555  
   3.362960  0.930168  1.633961  
   3.362960  0.888131  1.633961  
   0.083742  0.888131  1.465555  
   0.083742  0.888131  1.634151  
   -3.362960  0.909150  1.633961  
   -3.362960  0.888131  1.465813  
   -3.362960  0.909150  1.633961  
   -3.362960  0.909150  1.633961  
   3.362960  0.909150  1.465813  
   0.083742  0.930168  1.465555  
   0.083742  0.888131  1.465555  
   -3.362960  0.888131  1.465813  
   -0.083782  0.888131  1.465555  
   -3.362960  0.888131  1.465813  
   -0.083782  0.888131  1.465555  
   -3.362960  0.888131  1.465813  
   0.083742  0.930168  1.634151  
   -0.083782  0.930168  1.634151  
   0.083742  0.930168  1.634151  
   -0.083782  0.930168  1.465555  
   -0.083782  0.930168  1.634151  
   0.083742  0.930168  1.465555  
   -0.083782  0.930168  1.465555  
   37 
  9 3 2  
  5 8 2  
  1 0 4  
  7 21 22  
  23 3 24  
  5 25 6  
  26 8 27  
  28 29 30  
  10 31 11  
  32 10 12  
  33 34 2  
  13 11 35  
  36 37 11  
  12 38 39  
  40 41 13  
  12 13 42  
  7 17 16  
  19 43 16  
  15 14 18  
  44 45 46  
  47 17 48  
  7 49 50  
  19 13 51  
  52 53 54  
  55 56 57  
  10 58 18  
  59 60 11  
  10 11 61  
  10 18 8  
  62 63 64  
  8 65 66  
  67 8 18  
  68 69 11  
  70 20 6  
  71 20 72  
  73 20 74  
  75 20 76  

255 255 0
  52 
   0.141171  0.216927  -1.291215  
   0.160843  0.165594  -1.291215  
   0.160842  0.216927  -3.344539  
   0.141171  0.165594  -3.344539  
   0.180514  0.216927  -1.291215  
   0.180514  0.165594  -3.344539  
   0.180514  0.130433  -2.379133  
   0.141171  0.130433  -2.379133  
   0.180514  0.252117  -2.379133  
   0.141171  0.252117  -2.379133  
   0.180514  0.252117  -2.256670  
   0.141171  0.252117  -2.256670  
   0.180514  0.130433  -2.256670  
   0.141171  0.130433  -2.256670  
   0.141171  1.217922  -2.343544  
   0.160842  1.217922  -2.292210  
   0.160843  -0.835401  -2.343544  
   0.141172  -0.835401  -2.292211  
   0.180513  1.217922  -2.343544  
   0.180514  -0.835401  -2.292211  
   0.239837  0.191260  -2.317877  
   0.141171  0.130433  -2.379133  
   0.180514  0.130433  -2.379133  
   0.141171  0.130433  -2.256670  
   0.141171  0.130433  -2.379133  
   0.141171  0.130433  -2.256670  
   0.180514  0.130433  -2.256670  
   0.180514  0.130433  -2.256670  
   0.180514  0.130433  -2.379133  
   0.141171  0.130433  -2.379133  
   0.141171  0.130433  -2.256670  
   0.180514  0.252117  -2.256670  
   0.141171  0.252117  -2.256670  
   0.180514  0.252117  -2.256670  
   0.141171  0.252117  -2.256670  
   0.180514  0.252117  -2.256670  
   0.180514  0.252117  -2.379133  
   0.180514  0.130433  -2.379133  
   0.141171  0.130433  -2.379133  
   0.180514  0.252117  -2.379133  
   0.141171  0.252117  -2.379133  
   0.180514  0.252117  -2.379133  
   0.141171  0.252117  -2.379133  
   0.141171  0.252117  -2.256670  
   0.180514  0.130433  -2.256670  
   0.180514  0.130433  -2.379133  
   0.180514  0.252117  -2.256670  
   0.180514  0.130433  -2.256670  
   0.180514  0.252117  -2.379133  
   0.180514  0.252117  -2.256670  
   0.180514  0.130433  -2.379133  
   0.180514  0.252117  -2.379133  

   37 
  9 3 2  
  5 8 2  
  1 0 4  
  7 5 3  
  2 3 5  
  5 7 6  
  6 8 5  
  3 9 7  
  10 4 11  
  4 10 12  
  8 9 2  
  13 11 0  
  4 0 11  
  12 1 4  
  0 1 13  
  12 13 1  
  21 17 16  
  19 22 16  
  15 14 18  
  23 19 17  
  16 17 19  
  24 16 9  
  19 25 26  
  27 28 19  
  17 29 30  
  31 15 18  
  14 15 32  
  33 34 15  
  35 18 36  
  16 37 38  
  39 14 40  
  14 41 18  
  42 14 43  
  44 20 45  
  46 20 47  
  48 20 49  
  50 20 51  
255 255 255
6 
   0.009636  -1.102184  2.346259  
   0.009636  -1.152184  2.396259  
   0.059636  -1.152184  2.346259  
   0.009636  -1.152184  2.296259  
   -0.040364  -1.152184  2.346259  
   0.009636  -1.202184  2.346259  
   8 
     0 2 1  
     0 3 2  
     0 4 3  
     0 1 4  
     5 1 2  
     5 2 3  
     5 3 4  
     5 4 1  
